5.137696364551309216e+02
5.222135139275685560e+02
5.194458437678418932e+02
5.299313297285442559e+02
5.326058244172684226e+02
5.300495214180172070e+02
5.275968670219216392e+02
5.254946298232293884e+02
5.234453388345433495e+02
5.369546046401552530e+02
5.334167563397841150e+02
5.160344917231042245e+02
4.694577089794706808e+02
4.278117963866786795e+02
4.044953842844885799e+02
3.702085884827300220e+02
3.386107939322363336e+02
3.112082015409231985e+02
2.865580873882087189e+02
2.656685782006543945e+02
2.476266818284239832e+02
2.317326795136602584e+02
2.171955785968177111e+02
2.041333107293009448e+02
1.922764480502859783e+02
1.665752012771033606e+02
1.568639855868492248e+02
1.387881333937774286e+02
1.208783850805178020e+02
1.047235848499113331e+02
9.003615384675497069e+01
7.789548699162511980e+01
6.800869985372946758e+01
5.996710478207685213e+01
5.325599023723030712e+01
4.779706336220242946e+01
4.742944288051067048e+01
3.571684165664909472e+01
3.343944448980483486e+01
3.291439444346269738e+01
2.436432055602419666e+01
1.843500380846653997e+01
1.318662355119201202e+01
9.192417000560368479e+00
6.367332199317811359e+00
4.459342388745890950e+00
4.709494087956771047e+00
2.546028969593306268e+00
3.047768314999428352e+00
9.198792000184172757e-01
1.926527737315603117e+00
7.300276021765429446e-01
2.416840357813530293e-01
2.815505944955946638e-01
7.731325832638765716e-01
5.003466269428782365e-01
1.450785134198766979e+00
6.066886285625873176e-01
1.055623333142136966e+00
5.281338749631341312e-01
2.841646399512064991e-01
6.990408011256984411e-01
3.329096321983518458e-01
3.998193171310753247e-01
1.780095063473821904e-01
2.226269122043317839e-01
2.126492157646947823e-01
1.159731181519834814e-01
1.501036750344177939e-01
1.429560755419832241e-01
1.709141349431331780e-01
1.510845265706053098e-01
9.751551396370963798e-02
1.675289833040011223e-01
9.284951624311839347e-02
9.869176171146584742e-02
8.215484183121272987e-02
7.542244221996671771e-02
1.005529239189025953e-01
9.980188551825505683e-02
6.770263151825448023e-02
8.922946495066048922e-02
1.249045650177597749e-01
1.060949730512384670e-01
8.833662642690395805e-02
1.458981433598736943e-01
5.858059183933740643e-02
7.410031279761288003e-02
5.037277536498992181e-02
4.069062673940210956e-02
4.446937126383118666e-02
3.848951093923577704e-02
4.597775674199545276e-02
4.944192281352068064e-02
2.574887623147327845e-02
4.453826972823849567e-02
4.365600289377154219e-02
2.292518620265378976e-02
2.043733338087276585e-02
2.781842677437609823e-02
1.534849142399220476e-02
4.503050128764014837e-02
1.252296403937963251e-02
2.154203028330135480e-02
1.549392880457111862e-02
1.662220811118920311e-02
1.579736299844725425e-02
1.693782388977128212e-02
9.299567927803835399e-03
1.179800649765629442e-02
5.411873452191455491e-03
8.025393031364817450e-03
6.348879447155878278e-03
2.766239812684216995e-03
4.046880623973575161e-03
3.900213625114449384e-03
3.810016946007693459e-03
2.891544436454930155e-03
8.849650310760123068e-03
4.801127498755398612e-03
2.454436096125227080e-03
3.058189367092896231e-03
2.941264264025849218e-03
2.207689270059918531e-03
2.180523717645700861e-03
3.758061093427628521e-03
2.873492863250216162e-03
1.422824126830015291e-03
2.642213739382272449e-03
1.508986916852178301e-03
1.278398369750292050e-03
1.422405134515878538e-03
9.044725713133734777e-04
9.422829767700459380e-04
9.304785555063063100e-04
7.685700921698867356e-04
1.048569804690752246e-03
7.416851878534817507e-04
9.143293465061110969e-04
4.297974112426886030e-04
2.590906999714536981e-04
4.217790663275461588e-04
3.616478328126052706e-04
3.313914366788923180e-04
3.200487581872426667e-04
4.398748991301777928e-04
5.076362266913568783e-04
3.768678893058290862e-04
4.707492714248129252e-04
2.079647422608518390e-04
4.437853361983939743e-04
3.124758621410425228e-04
5.038261830416355296e-04
1.429275857438921330e-04
1.634609928034633382e-04
1.687071349100054856e-04
1.937475980107389100e-04
9.262560799486485076e-05
5.175572013544541114e-05
7.791675165560730783e-05
3.818064087103826187e-05
7.488384322108851529e-05
6.640492793578297811e-05
6.591144912502566245e-05
4.724636848247040175e-05
9.829040848216424062e-05
4.080407873988911143e-05
5.497244584090351749e-05
6.159575349575532833e-05
4.531107375455124060e-05
2.671647256300087629e-05
2.469853341021484208e-05
2.644127256475599936e-05
1.338489656175018074e-05
1.732128441038320666e-05
1.451721696387561726e-05
1.284925015714634049e-05
1.485670425853581142e-05
8.177390289746401701e-06
1.278563275272306485e-05
8.620649264701198518e-06
1.053913500586370876e-05
4.277964150468650762e-06
6.571860488032747515e-06
3.553909741546605659e-06
5.364454557359647923e-06
2.980767064163634344e-06
7.358181642378089485e-06
3.299930431910366777e-06
4.101425996447797614e-06
3.324073241500112277e-06
2.171269598578932525e-06
2.619538983294656220e-06
2.801997974188371319e-06
2.772430517375878891e-06
2.545396026349642071e-06
1.129380696783820575e-06
1.168679725755884964e-06
1.060554886248189858e-06
1.813964716148928330e-06
