1.728225829570035330e+03
1.728225829570035330e+03
1.287586592211949210e+03
7.977261549894519703e+02
6.370417702884529945e+02
5.670531839326678210e+02
5.573723335739613276e+02
4.220437724644783657e+02
3.524362861980216053e+02
2.505444303786477747e+02
1.874347112012163734e+02
1.632907979025711427e+02
1.558222319930703748e+02
1.021332766023194552e+02
9.500558881434142222e+01
6.308288526354732539e+01
4.847737731317472054e+01
3.118070699988808414e+01
3.118070699988808414e+01
2.060884467649255924e+01
1.586749564144560409e+01
1.684715525914409984e+00
9.751322536593901580e-01
9.751322536593901580e-01
9.751322536593901580e-01
6.398419911279882299e-01
2.734999731050260507e-01
4.863140672906698242e-02
4.179197893243030704e-02
4.179197893243030704e-02
4.179197893243030704e-02
1.415414180406386960e-02
8.453505815742782398e-03
9.455752896993992715e-07
9.455752896993992715e-07
0.000000000000000000e+00
0.000000000000000000e+00
0.000000000000000000e+00
0.000000000000000000e+00
0.000000000000000000e+00
