1.717314147580923191e+03
6.156982937050397595e+02
4.953211767182600767e+01
8.096691695654667953e+00
8.096691695654667953e+00
8.096691695654667953e+00
8.096691695654667953e+00
8.096691695654667953e+00
8.096691695654667953e+00
8.096691695654667953e+00
8.096691695654667953e+00
8.096691695654667953e+00
5.508094083906112104e-01
4.757116028690631104e-01
9.959905905476429400e-02
9.959905905476429400e-02
9.959905905476429400e-02
4.864169858530096452e-02
4.864169858530096452e-02
1.827165023910348393e-02
1.827165023910348393e-02
5.163533676107829110e-03
5.105682760762328409e-03
5.105682760762328409e-03
5.105682760762328409e-03
0.000000000000000000e+00
0.000000000000000000e+00
